#Pos	A	C	G	T	N
0	0.17790	0.34703	0.27018	0.19842	0.00648
1	0.22014	0.23582	0.33245	0.21159	0.00000
2	0.19684	0.31415	0.26782	0.22112	0.00007
3	0.17871	0.33235	0.29453	0.19441	0.00000
4	0.18740	0.29807	0.31258	0.20195	0.00001
5	0.18812	0.32142	0.30204	0.18842	0.00000
6	0.18581	0.29817	0.32906	0.18697	0.00000
7	0.19156	0.31311	0.29680	0.19852	0.00001
8	0.18242	0.31500	0.30216	0.20042	0.00000
9	0.18421	0.31534	0.31421	0.18625	0.00000
10	0.19027	0.30962	0.31020	0.18988	0.00003
11	0.18773	0.31447	0.30725	0.19055	0.00000
12	0.18631	0.31474	0.31303	0.18592	0.00000
13	0.19243	0.30795	0.31008	0.18954	0.00000
14	0.18924	0.31341	0.30674	0.19060	0.00000
15	0.18623	0.31461	0.31291	0.18625	0.00000
16	0.19115	0.30867	0.31024	0.18994	0.00000
17	0.18822	0.31430	0.30723	0.19025	0.00001
18	0.18548	0.31524	0.31337	0.18592	0.00000
19	0.19039	0.30916	0.31077	0.18968	0.00000
20	0.18736	0.31474	0.30767	0.19023	0.00000
21	0.18507	0.31581	0.31336	0.18575	0.00000
22	0.19035	0.30941	0.31091	0.18933	0.00000
23	0.18730	0.31466	0.30828	0.18976	0.00000
24	0.18487	0.31572	0.31396	0.18546	0.00001
25	0.19009	0.30932	0.31147	0.18910	0.00002
26	0.18722	0.31450	0.30863	0.18964	0.00000
27	0.18476	0.31564	0.31444	0.18514	0.00002
28	0.18997	0.30950	0.31169	0.18883	0.00000
29	0.18686	0.31459	0.30908	0.18947	0.00000
30	0.18457	0.31582	0.31464	0.18496	0.00001
31	0.18985	0.30956	0.31196	0.18862	0.00001
32	0.18689	0.31466	0.30922	0.18923	0.00000
33	0.18446	0.31590	0.31482	0.18483	0.00000
34	0.18965	0.30979	0.31199	0.18856	0.00000
35	0.18675	0.31472	0.30941	0.18913	0.00000
36	0.18439	0.31591	0.31494	0.18475	0.00000
37	0.18951	0.30986	0.31225	0.18838	0.00000
38	0.18672	0.31469	0.30969	0.18890	0.00000
39	0.18428	0.31603	0.31523	0.18447	0.00000
40	0.18940	0.31009	0.31243	0.18808	0.00000
41	0.18655	0.31490	0.30977	0.18878	0.00000
42	0.18418	0.31624	0.31521	0.18437	0.00000
43	0.18962	0.30993	0.31229	0.18815	0.00000
44	0.18660	0.31485	0.30986	0.18869	0.00000
45	0.18431	0.31605	0.31516	0.18444	0.00004
46	0.18940	0.31008	0.31238	0.18814	0.00000
47	0.18654	0.31488	0.30990	0.18868	0.00000
48	0.18425	0.31606	0.31534	0.18435	0.00000
49	0.18933	0.31029	0.31255	0.18783	0.00000
50	0.18657	0.31490	0.31009	0.18844	0.00000
51	0.18424	0.31616	0.31539	0.18421	0.00000
52	0.18935	0.31024	0.31253	0.18789	0.00000
53	0.18658	0.31506	0.30990	0.18846	0.00000
54	0.18421	0.31617	0.31533	0.18429	0.00000
55	0.18925	0.31030	0.31248	0.18797	0.00000
56	0.18665	0.31486	0.30996	0.18852	0.00000
57	0.18435	0.31611	0.31524	0.18430	0.00000
58	0.18937	0.31025	0.31240	0.18798	0.00000
59	0.18665	0.31493	0.30998	0.18844	0.00000
60	0.18430	0.31614	0.31532	0.18424	0.00000
61	0.18929	0.31026	0.31261	0.18784	0.00000
62	0.18664	0.31491	0.30997	0.18847	0.00000
63	0.18447	0.31607	0.31524	0.18422	0.00000
64	0.18943	0.31031	0.31248	0.18779	0.00000
65	0.18672	0.31490	0.30993	0.18845	0.00001
66	0.18440	0.31601	0.31528	0.18431	0.00001
67	0.18940	0.31027	0.31246	0.18787	0.00000
68	0.18682	0.31487	0.30986	0.18844	0.00001
69	0.18448	0.31598	0.31524	0.18430	0.00000
70	0.18945	0.31019	0.31251	0.18785	0.00000
71	0.18662	0.31500	0.30993	0.18845	0.00000
72	0.18450	0.31611	0.31516	0.18422	0.00001
73	0.18953	0.31020	0.31242	0.18784	0.00000
74	0.18679	0.31478	0.30989	0.18853	0.00000
75	0.18454	0.31592	0.31513	0.18441	0.00000
76	0.18933	0.31018	0.31257	0.18792	0.00000
77	0.18668	0.31478	0.31011	0.18842	0.00000
78	0.18451	0.31597	0.31515	0.18437	0.00000
79	0.18937	0.31020	0.31248	0.18795	0.00000
80	0.18663	0.31482	0.31010	0.18845	0.00000
81	0.18446	0.31590	0.31526	0.18438	0.00000
82	0.18941	0.31017	0.31252	0.18790	0.00000
83	0.18667	0.31486	0.30998	0.18849	0.00000
84	0.18457	0.31579	0.31519	0.18445	0.00000
85	0.18950	0.31013	0.31246	0.18791	0.00000
86	0.18677	0.31474	0.30994	0.18855	0.00000
87	0.18455	0.31574	0.31520	0.18451	0.00000
88	0.18937	0.31028	0.31234	0.18800	0.00000
89	0.18673	0.31474	0.30997	0.18856	0.00000
90	0.18448	0.31595	0.31513	0.18445	0.00000
91	0.18938	0.31022	0.31249	0.18792	0.00000
92	0.18676	0.31473	0.31007	0.18845	0.00000
93	0.18462	0.31580	0.31516	0.18443	0.00000
94	0.18949	0.31014	0.31235	0.18801	0.00000
95	0.18687	0.31461	0.30999	0.18853	0.00000
96	0.18466	0.31574	0.31506	0.18455	0.00000
97	0.18950	0.31015	0.31241	0.18793	0.00000
98	0.18683	0.31463	0.31002	0.18853	0.00000
99	0.18472	0.31569	0.31512	0.18447	0.00000
100	0.18942	0.31024	0.31238	0.18797	0.00000
101	0.18681	0.31474	0.30992	0.18850	0.00002
102	0.18466	0.31577	0.31502	0.18454	0.00000
103	0.18948	0.31017	0.31233	0.18802	0.00000
104	0.18691	0.31463	0.30990	0.18856	0.00000
105	0.18478	0.31569	0.31503	0.18451	0.00000
106	0.18955	0.31012	0.31238	0.18795	0.00000
107	0.18697	0.31457	0.30988	0.18854	0.00003
108	0.18482	0.31566	0.31493	0.18457	0.00001
109	0.18957	0.31019	0.31235	0.18789	0.00000
110	0.18697	0.31464	0.30989	0.18849	0.00001
111	0.18482	0.31569	0.31499	0.18450	0.00000
112	0.18940	0.31030	0.31231	0.18799	0.00000
113	0.18707	0.31449	0.30995	0.18849	0.00000
114	0.18484	0.31571	0.31490	0.18454	0.00000
115	0.18957	0.31019	0.31230	0.18794	0.00000
116	0.18701	0.31452	0.30993	0.18854	0.00000
117	0.18492	0.31570	0.31485	0.18454	0.00000
118	0.18963	0.31012	0.31231	0.18795	0.00000
119	0.18726	0.31431	0.30979	0.18864	0.00000
120	0.18496	0.31558	0.31489	0.18458	0.00000
121	0.18967	0.31021	0.31217	0.18794	0.00000
122	0.18701	0.31450	0.30994	0.18855	0.00000
123	0.18486	0.31565	0.31485	0.18464	0.00000
124	0.18955	0.31024	0.31218	0.18803	0.00000
125	0.18702	0.31455	0.30992	0.18850	0.00000
126	0.18495	0.31571	0.31472	0.18461	0.00000
127	0.18960	0.31026	0.31215	0.18799	0.00000
128	0.18716	0.31444	0.30987	0.18853	0.00000
129	0.18505	0.31548	0.31480	0.18464	0.00002
130	0.18969	0.31022	0.31211	0.18796	0.00002
131	0.18707	0.31451	0.30984	0.18857	0.00000
132	0.18507	0.31560	0.31471	0.18463	0.00000
133	0.18960	0.31031	0.31215	0.18794	0.00000
134	0.18719	0.31447	0.30993	0.18841	0.00000
135	0.18516	0.31550	0.31468	0.18466	0.00000
136	0.18973	0.31031	0.31200	0.18795	0.00001
137	0.18727	0.31440	0.30984	0.18848	0.00001
138	0.18521	0.31550	0.31456	0.18473	0.00000
139	0.19016	0.31018	0.31181	0.18783	0.00001
140	0.18732	0.31427	0.30988	0.18853	0.00000
141	0.18530	0.31548	0.31458	0.18464	0.00000
142	0.18987	0.31023	0.31195	0.18794	0.00000
143	0.18749	0.31417	0.30989	0.18844	0.00000
144	0.18537	0.31545	0.31440	0.18479	0.00000
145	0.18986	0.31024	0.31182	0.18808	0.00000
146	0.18727	0.31440	0.30985	0.18848	0.00000
147	0.18526	0.31540	0.31447	0.18486	0.00000
148	0.18985	0.31033	0.31179	0.18803	0.00000
149	0.18738	0.31426	0.30974	0.18862	0.00000
150	0.18286	0.33968	0.27140	0.19555	0.01051
151	0.22690	0.23213	0.33633	0.20458	0.00005
152	0.20082	0.31403	0.27125	0.21388	0.00002
153	0.18107	0.33011	0.29861	0.18976	0.00046
154	0.18934	0.29924	0.31158	0.19983	0.00000
155	0.18831	0.32101	0.30323	0.18745	0.00000
156	0.18576	0.29881	0.32818	0.18722	0.00003
157	0.19146	0.31211	0.29670	0.19971	0.00002
158	0.18262	0.31434	0.30311	0.19994	0.00000
159	0.18500	0.31366	0.31436	0.18699	0.00000
160	0.19075	0.30837	0.30974	0.19114	0.00000
161	0.18788	0.31325	0.30743	0.19144	0.00000
162	0.18706	0.31276	0.31284	0.18734	0.00000
163	0.19307	0.30643	0.30930	0.19120	0.00000
164	0.18938	0.31218	0.30675	0.19169	0.00000
165	0.18672	0.31287	0.31270	0.18769	0.00001
166	0.19164	0.30728	0.30952	0.19156	0.00000
167	0.18801	0.31324	0.30732	0.19143	0.00000
168	0.18580	0.31365	0.31318	0.18738	0.00000
169	0.19129	0.30735	0.31002	0.19135	0.00000
170	0.18846	0.31363	0.30715	0.19076	0.00000
171	0.18571	0.31414	0.31334	0.18681	0.00000
172	0.19114	0.30797	0.31042	0.19045	0.00002
173	0.18755	0.31385	0.30826	0.19033	0.00001
174	0.18550	0.31433	0.31376	0.18642	0.00000
175	0.19065	0.30846	0.31075	0.19013	0.00000
176	0.18762	0.31395	0.30844	0.18999	0.00000
177	0.18534	0.31443	0.31423	0.18601	0.00000
178	0.19039	0.30862	0.31108	0.18990	0.00000
179	0.18703	0.31410	0.30911	0.18976	0.00000
180	0.18520	0.31460	0.31447	0.18573	0.00000
181	0.19035	0.30877	0.31130	0.18957	0.00000
182	0.18698	0.31424	0.30928	0.18950	0.00000
183	0.18515	0.31480	0.31452	0.18553	0.00000
184	0.19018	0.30901	0.31141	0.18937	0.00003
185	0.18696	0.31428	0.30945	0.18931	0.00000
186	0.18510	0.31498	0.31468	0.18522	0.00003
187	0.19033	0.30909	0.31153	0.18905	0.00000
188	0.18684	0.31440	0.30972	0.18904	0.00000
189	0.18500	0.31502	0.31498	0.18501	0.00000
190	0.18997	0.30936	0.31174	0.18893	0.00000
191	0.18681	0.31452	0.30976	0.18892	0.00000
192	0.18496	0.31521	0.31495	0.18489	0.00000
193	0.19005	0.30935	0.31184	0.18876	0.00000
194	0.18686	0.31445	0.30987	0.18882	0.00000
195	0.18500	0.31517	0.31496	0.18487	0.00000
196	0.18985	0.30953	0.31180	0.18881	0.00000
197	0.18683	0.31452	0.31001	0.18864	0.00000
198	0.18503	0.31508	0.31517	0.18472	0.00000
199	0.18993	0.30953	0.31202	0.18852	0.00000
200	0.18681	0.31461	0.31012	0.18845	0.00001
201	0.18507	0.31526	0.31511	0.18456	0.00000
202	0.19034	0.30939	0.31193	0.18833	0.00000
203	0.18685	0.31465	0.30998	0.18851	0.00000
204	0.18497	0.31526	0.31520	0.18458	0.00000
205	0.18996	0.30959	0.31213	0.18832	0.00000
206	0.18698	0.31461	0.31000	0.18842	0.00000
207	0.18521	0.31518	0.31509	0.18452	0.00000
208	0.19005	0.30968	0.31193	0.18834	0.00000
209	0.18692	0.31457	0.31016	0.18835	0.00000
210	0.18523	0.31514	0.31519	0.18445	0.00000
211	0.18998	0.30972	0.31202	0.18827	0.00000
212	0.18693	0.31468	0.31006	0.18831	0.00002
213	0.18529	0.31522	0.31504	0.18444	0.00001
214	0.19007	0.30964	0.31211	0.18818	0.00000
215	0.18701	0.31451	0.31016	0.18831	0.00001
216	0.18521	0.31527	0.31510	0.18443	0.00000
217	0.19009	0.30955	0.31216	0.18819	0.00000
218	0.18706	0.31458	0.31010	0.18826	0.00000
219	0.18532	0.31520	0.31505	0.18440	0.00002
220	0.19012	0.30966	0.31202	0.18821	0.00000
221	0.18704	0.31467	0.30997	0.18832	0.00000
222	0.18542	0.31520	0.31495	0.18439	0.00003
223	0.19029	0.30952	0.31200	0.18819	0.00000
224	0.18725	0.31446	0.30996	0.18832	0.00001
225	0.18545	0.31513	0.31494	0.18447	0.00000
226	0.19006	0.30949	0.31222	0.18821	0.00002
227	0.18699	0.31450	0.31029	0.18821	0.00001
228	0.18531	0.31516	0.31519	0.18434	0.00000
229	0.19008	0.30959	0.31218	0.18813	0.00002
230	0.18709	0.31441	0.31025	0.18825	0.00000
231	0.18541	0.31501	0.31514	0.18441	0.00003
232	0.19024	0.30961	0.31201	0.18814	0.00000
233	0.18721	0.31438	0.31009	0.18832	0.00000
234	0.18548	0.31492	0.31503	0.18457	0.00000
235	0.19033	0.30943	0.31197	0.18825	0.00002
236	0.18726	0.31433	0.31005	0.18837	0.00000
237	0.18551	0.31490	0.31494	0.18466	0.00000
238	0.19039	0.30935	0.31192	0.18829	0.00005
239	0.18718	0.31435	0.31009	0.18839	0.00000
240	0.18604	0.31457	0.31470	0.18469	0.00001
241	0.19016	0.30955	0.31198	0.18831	0.00000
242	0.18724	0.31434	0.31010	0.18832	0.00000
243	0.18556	0.31479	0.31493	0.18472	0.00000
244	0.19031	0.30954	0.31188	0.18826	0.00000
245	0.18737	0.31427	0.30999	0.18837	0.00000
246	0.18595	0.31472	0.31467	0.18467	0.00000
247	0.19034	0.30954	0.31187	0.18823	0.00002
248	0.18738	0.31423	0.31002	0.18838	0.00000
249	0.18564	0.31487	0.31484	0.18465	0.00000
250	0.19027	0.30951	0.31191	0.18829	0.00001
251	0.18736	0.31436	0.30994	0.18833	0.00001
252	0.18567	0.31484	0.31480	0.18469	0.00000
253	0.19041	0.30956	0.31173	0.18830	0.00000
254	0.18744	0.31421	0.30998	0.18835	0.00001
255	0.18580	0.31484	0.31464	0.18472	0.00000
256	0.19045	0.30949	0.31186	0.18820	0.00000
257	0.18752	0.31420	0.30997	0.18830	0.00000
258	0.18581	0.31477	0.31470	0.18471	0.00000
259	0.19044	0.30962	0.31178	0.18816	0.00001
260	0.18747	0.31428	0.31003	0.18822	0.00000
261	0.18575	0.31477	0.31476	0.18467	0.00004
262	0.19031	0.30966	0.31180	0.18821	0.00001
263	0.18751	0.31417	0.30999	0.18833	0.00000
264	0.18588	0.31473	0.31467	0.18471	0.00000
265	0.19041	0.30965	0.31165	0.18830	0.00000
266	0.18761	0.31405	0.30999	0.18835	0.00000
267	0.18615	0.31457	0.31459	0.18469	0.00000
268	0.19046	0.30966	0.31168	0.18819	0.00000
269	0.18861	0.31331	0.30970	0.18838	0.00000
270	0.18591	0.31473	0.31472	0.18465	0.00000
271	0.19050	0.30968	0.31168	0.18814	0.00000
272	0.18762	0.31412	0.30993	0.18831	0.00002
273	0.18591	0.31479	0.31452	0.18477	0.00002
274	0.19047	0.30962	0.31164	0.18826	0.00001
275	0.18756	0.31414	0.30995	0.18836	0.00000
276	0.18601	0.31475	0.31458	0.18466	0.00000
277	0.19135	0.30893	0.31140	0.18832	0.00000
278	0.18767	0.31412	0.30988	0.18833	0.00000
279	0.18608	0.31463	0.31453	0.18476	0.00000
280	0.19054	0.30962	0.31165	0.18819	0.00000
281	0.18770	0.31410	0.30984	0.18836	0.00000
282	0.18607	0.31476	0.31451	0.18466	0.00000
283	0.19073	0.30952	0.31149	0.18826	0.00000
284	0.18780	0.31418	0.30981	0.18821	0.00000
285	0.18626	0.31464	0.31429	0.18480	0.00000
286	0.19129	0.30917	0.31124	0.18829	0.00001
287	0.18796	0.31410	0.30968	0.18826	0.00000
288	0.18629	0.31464	0.31428	0.18478	0.00000
289	0.19079	0.30968	0.31139	0.18815	0.00000
290	0.18801	0.31393	0.30975	0.18831	0.00000
291	0.18641	0.31468	0.31420	0.18471	0.00000
292	0.19079	0.30972	0.31137	0.18812	0.00000
293	0.18808	0.31389	0.30977	0.18826	0.00000
294	0.18650	0.31461	0.31409	0.18480	0.00000
295	0.19082	0.30967	0.31112	0.18839	0.00000
296	0.18793	0.31393	0.30977	0.18837	0.00001
297	0.18639	0.31461	0.31404	0.18497	0.00000
298	0.19082	0.30982	0.31109	0.18827	0.00000
299	0.18807	0.31392	0.30964	0.18838	0.00000
